5129 8059 109.631114
5129 11733 53.803332
5335 4748 32.925622
5335 7484 26.1183
5335 13062 65.880873
6063 6062 0.532287
6063 6937 48.55701
6063 8453 40.897993
6063 12255 24.813981
6063 13017 23.409864
6061 6062 9.757524
6061 8329 125.346928
6061 9158 66.217565
6061 9163 91.439189
6061 9716 22.412502
6061 11526 12.004148
6061 11763 74.343516
6061 11810 89.084843
6061 13421 105.245694
6110 1390 119.519445
6110 8226 134.642475
6146 830 23.706305
6146 2041 44.974741
6252 2552 92.550688
6252 10781 63.608529
6567 11520 22.894393
6758 7571 44.379171
6758 12787 7.77708
6063 6937 48.55701
