4954 GIR 41.9313888889 2.7716666667
4955 GIR.A 41.9022670667 2.7603478667
4956 GIR.D 41.8914040333 2.7615182167
5129 GODOX 39.3725 1.4108333333
5130 GODPI 41.7252777778 -0.5955555556
5335 GRAUS 41.9791666667 0.3763888889
5590 IBA 38.8683333333 1.3658333333
5611 IBI 38.8672222222 1.3625
5660 IBZ 38.8763888889 1.385
5777 INDIA 41.3447222222 -0.9147222222
6061 IZA 38.9155555556 1.4705555556
6062 IZA.A 38.8772804833 1.36930455
6063 IZA.D 38.8731546833 1.37242975
6084 JOA 39.5647222222 2.7466666667
6110 KABRE 39.1436111111 2.9566666667
6143 KARDO 41.8183333333 1.6108333333
6146 KARES 41.3311111111 1.1522222222
6172 KATAL 38.5938888889 -0.6627777778
6252 KENAS 40.5 3.1408333333
6283 KERIP 40.9413888889 0.8558333333
6567 KOSIT 41.9352777778 2.0602777778
6598 KOVAM 39.3919444444 -0.7911111111
6693 KUGAX 41.0958333333 1.4766666667
6758 KUREG 40.8994444444 2.7188888889
6937 LAMPA 38.8016666667 1.9241666667
7029 LARPA 40.6266666667 2.3486111111
7045 LASDI 38.9375 1.0580555556
7070 LASPO 39.2825 -0.5444444444
